1000,273.15,2.73869211544269,0,0,1
100,273.15,2.73869211544269,0,0,1
200,273.15,2.73869211544269,0,0,1
300,273.15,2.73869211544269,0,0,1
400,273.15,2.73869211544269,0,0,1
500,273.15,2.73869211544269,0,0,1
600,273.15,2.73869211544269,0,0,1
700,273.15,2.48604937131375,0,0,1
800,279.15,2.720719850115,0,0,1
900,279.65,2.12286305229357,0,0,1
1000,280.15,1.75383871942153,0,0,1
1100,280.65,1.51998055456462,0,0,1
1200,281.15,1.36587776928743,0,0,1
1300,281.65,1.25879095566787,0,0,1
1400,282.15,1.17940430180998,0,0,1
1500,282.65,1.1163426598243,0,0,1
